27
Stylocellusglobosus      0.0000000 0.7241415 0.5744209 0.7504018 0.5038171 0.9524495 0.1903953 1.0319767 1.0162489 0.6975216 0.8670865 0.4981218 0.5870129 0.7504018 0.6975216 0.7504018 0.6121719 0.5560246 0.5666952 0.6006444 0.5744209 0.6006444 0.5941262 0.7504018 0.5744209 0.5582572 0.8670865 
Suzukielussauteri        0.7241415 0.0000000 0.4478757 1.0476225 0.8095385 0.6668089 0.9108688 0.7801814 0.6705214 0.5136132 0.4346099 0.4592802 0.6380918 0.3865093 0.3865093 0.3523167 0.3739172 0.3976811 0.4355308 0.3622779 0.3728278 0.3622779 0.4221227 0.3622779 0.4478757 0.5582572 0.5388074 
Siroexilis               0.5744209 0.4478757 0.0000000 0.8430368 0.6950830 0.4931693 1.0319767 0.8126052 0.8430368 0.7504018 0.6705214 0.1805360 0.3420646 0.3840212 0.4221227 0.4619970 0.6414942 0.1249610 0.1315486 0.1522982 0.1009569 0.0984688 0.0764838 0.0984688 0.0478212 0.2772001 0.6211250 
Paragoviasironoides      0.7504018 1.0476225 0.8430368 0.0000000 0.2870122 0.3692425 0.5104360 0.2214064 0.2399657 0.7504018 0.9108688 0.8095385 0.8160076 1.0476225 0.9026999 0.9721020 0.7147883 0.8730596 0.8480683 0.8095385 0.7801814 0.9416677 0.8126052 0.9416677 0.8430368 0.6894624 0.4880168 
Ogoveacameroonensis      0.5038171 0.8095385 0.6950830 0.2870122 0.0000000 0.4931693 0.4085937 0.4085937 0.4355308 0.5477828 0.6431191 0.5941262 0.6089048 0.8095385 0.7504018 0.8095385 0.5758884 0.7504018 0.7504018 0.6950830 0.7216221 0.6950830 0.7504018 0.8095385 0.6950830 0.4815524 0.6950830 
Troglosirosp.            0.9524495 0.6668089 0.4931693 0.3692425 0.4931693 0.0000000 0.6380918 0.2688493 0.2955776 0.4931693 0.6380918 0.6380918 0.5104360 0.4355308 0.3580587 0.3959198 0.5388074 0.3692425 0.3692425 0.4085937 0.4085937 0.4931693 0.5388074 0.4931693 0.5388074 0.5289954 0.4355308 
Stylocellusramblae       0.1903953 0.9108688 1.0319767 0.5104360 0.4085937 0.6380918 0.0000000 0.7504018 0.6627342 0.6152913 0.6668089 0.7801814 0.6380918 0.7801814 0.7216221 0.7801814 0.6344697 0.8796785 0.8796785 0.9524495 1.0319767 0.9524495 0.9524495 1.0319767 1.1196443 0.6894624 0.8796785 
Huitacaventralis         1.0319767 0.7801814 0.8126052 0.2214064 0.4085937 0.2688493 0.7504018 0.0000000 0.0764838 0.5870129 0.8126052 0.7504018 0.6894624 0.8430368 0.7216221 0.6668089 0.7900128 0.8796785 0.8870541 0.7504018 0.7817369 0.8126052 0.8870541 0.9524495 0.8126052 0.6264750 0.2535818 
Metagoveaphilipi         1.0162489 0.6705214 0.8430368 0.2399657 0.4355308 0.2955776 0.6627342 0.0764838 0.0000000 0.5941262 0.6152913 0.7504018 0.7504018 0.6705214 0.5744209 0.6211250 0.6477150 0.8730596 0.9199667 0.8095385 0.8430368 0.8095385 0.6380918 0.6950830 0.8430368 0.6325695 0.2713008 
Karripurcelliapeckorum   0.6975216 0.5136132 0.7504018 0.7504018 0.5477828 0.4931693 0.6152913 0.5870129 0.5941262 0.0000000 0.3038250 0.7504018 0.6924086 0.6477150 0.6006444 0.6477150 0.6785034 0.6211250 0.6380918 0.5744209 0.6431191 0.5744209 0.7801814 0.7229395 0.7504018 0.5104360 0.5744209 
Chileogoveaoedipus       0.8670865 0.4346099 0.6705214 0.9108688 0.6431191 0.6380918 0.6668089 0.8126052 0.6152913 0.3038250 0.0000000 0.8067601 1.1196443 0.6705214 0.6211250 0.6705214 0.6414942 0.6211250 0.6668089 0.6705214 0.6950830 0.5744209 0.5666952 0.5744209 0.7787732 0.9645262 0.5744209 
Paramiopsalisramulosus   0.4981218 0.4592802 0.1805360 0.8095385 0.5941262 0.6380918 0.7801814 0.7504018 0.7504018 0.7504018 0.8067601 0.0000000 0.1648902 0.4346099 0.4732016 0.5136132 0.6785034 0.2640780 0.2870122 0.2336950 0.2399657 0.1759809 0.2789335 0.2955776 0.2399657 0.2688493 0.6477150 
Iberosirodistylos        0.5870129 0.6380918 0.3420646 0.8160076 0.6089048 0.5104360 0.6380918 0.6894624 0.7504018 0.6924086 1.1196443 0.1648902 0.0000000 0.3316189 0.3692425 0.4085937 0.5255181 0.3420646 0.3420646 0.3420646 0.3811593 0.3046754 0.4651425 0.4221227 0.3811593 0.2137592 0.7817369 
Parasirocoiffaiti        0.7504018 0.3865093 0.3840212 1.0476225 0.8095385 0.4355308 0.7801814 0.8430368 0.6705214 0.6477150 0.6705214 0.4346099 0.3316189 0.0000000 0.0456382 0.0694021 0.2437035 0.4478757 0.4498387 0.4880168 0.4221227 0.4095307 0.3217996 0.2713008 0.4619970 0.3811593 0.6975216 
Parasirominor            0.6975216 0.3865093 0.4221227 0.9026999 0.7504018 0.3580587 0.7216221 0.7216221 0.5744209 0.6006444 0.6211250 0.4732016 0.3692425 0.0456382 0.0000000 0.0225154 0.2437035 0.4095307 0.4085937 0.4478757 0.3840212 0.4478757 0.3580587 0.3038250 0.5038171 0.4221227 0.6006444 
Parasirocorsicus         0.7504018 0.3523167 0.4619970 0.9721020 0.8095385 0.3959198 0.7801814 0.6668089 0.6211250 0.6477150 0.6705214 0.5136132 0.4085937 0.0694021 0.0225154 0.0000000 0.2043523 0.4478757 0.4498387 0.4880168 0.4221227 0.4880168 0.3959198 0.3376322 0.5477828 0.4651425 0.5560246 
Odontosirolusitanicus    0.6121719 0.3739172 0.6414942 0.7147883 0.5758884 0.5388074 0.6344697 0.7900128 0.6477150 0.6785034 0.6414942 0.6785034 0.5255181 0.2437035 0.2437035 0.2043523 0.0000000 0.4931693 0.5650677 0.5506070 0.5758884 0.6121719 0.4784810 0.4393399 0.7900128 0.4784810 0.7147883 
Cyphophthalmusduricorius 0.5560246 0.3976811 0.1249610 0.8730596 0.7504018 0.3692425 0.8796785 0.8796785 0.8730596 0.6211250 0.6211250 0.2640780 0.3420646 0.4478757 0.4095307 0.4478757 0.4931693 0.0000000 0.0000010 0.0710466 0.1249610 0.0710466 0.2154124 0.1759809 0.1805360 0.3811593 0.6477150 
Cyphophthalmusserbicus   0.5666952 0.4355308 0.1315486 0.8480683 0.7504018 0.3692425 0.8796785 0.8870541 0.9199667 0.6380918 0.6668089 0.2870122 0.3420646 0.4498387 0.4085937 0.4498387 0.5650677 0.0000010 0.0000000 0.0764838 0.1315486 0.0764838 0.2214064 0.1903953 0.1604670 0.3938849 0.6668089 
Sirorubens               0.6006444 0.3622779 0.1522982 0.8095385 0.6950830 0.4085937 0.9524495 0.7504018 0.8095385 0.5744209 0.6705214 0.2336950 0.3420646 0.4880168 0.4478757 0.4880168 0.5506070 0.0710466 0.0764838 0.0000000 0.0478212 0.0961005 0.2465846 0.2043523 0.2097359 0.3420646 0.6975216 
Sirovalleorum            0.5744209 0.3728278 0.1009569 0.7801814 0.7216221 0.4085937 1.0319767 0.7817369 0.8430368 0.6431191 0.6950830 0.2399657 0.3811593 0.4221227 0.3840212 0.4221227 0.5758884 0.1249610 0.1315486 0.0478212 0.0000000 0.1522982 0.1853341 0.1522982 0.1562756 0.3420646 0.7229395 
Tranteevaparadoxa        0.6006444 0.3622779 0.0984688 0.9416677 0.6950830 0.4931693 0.9524495 0.8126052 0.8095385 0.5744209 0.5744209 0.1759809 0.3046754 0.4095307 0.4478757 0.4880168 0.6121719 0.0710466 0.0764838 0.0961005 0.1522982 0.0000000 0.1853341 0.1485186 0.1522982 0.2688493 0.6006444 
Sirosonoma               0.5941262 0.4221227 0.0764838 0.8126052 0.7504018 0.5388074 0.9524495 0.8870541 0.6380918 0.7801814 0.5666952 0.2789335 0.4651425 0.3217996 0.3580587 0.3959198 0.4784810 0.2154124 0.2214064 0.2465846 0.1853341 0.1853341 0.0000000 0.0745812 0.1035741 0.3811593 0.5477828 
Siroacaroides            0.7504018 0.3622779 0.0984688 0.9416677 0.8095385 0.4931693 1.0319767 0.9524495 0.6950830 0.7229395 0.5744209 0.2955776 0.4221227 0.2713008 0.3038250 0.3376322 0.4393399 0.1759809 0.1903953 0.2043523 0.1522982 0.1485186 0.0745812 0.0000000 0.1522982 0.3420646 0.6006444 
Sirokamiakensis          0.5744209 0.4478757 0.0478212 0.8430368 0.6950830 0.5388074 1.1196443 0.8126052 0.8430368 0.7504018 0.7787732 0.2399657 0.3811593 0.4619970 0.5038171 0.5477828 0.7900128 0.1805360 0.1604670 0.2097359 0.1562756 0.1522982 0.1035741 0.1522982 0.0000000 0.3143577 0.6211250 
Marwecoarctata           0.5582572 0.5582572 0.2772001 0.6894624 0.4815524 0.5289954 0.6894624 0.6264750 0.6325695 0.5104360 0.9645262 0.2688493 0.2137592 0.3811593 0.4221227 0.4651425 0.4784810 0.3811593 0.3938849 0.3420646 0.3420646 0.2688493 0.3811593 0.3420646 0.3143577 0.0000000 0.7817369 
Metasiroamericanus       0.8670865 0.5388074 0.6211250 0.4880168 0.6950830 0.4355308 0.8796785 0.2535818 0.2713008 0.5744209 0.5744209 0.6477150 0.7817369 0.6975216 0.6006444 0.5560246 0.7147883 0.6477150 0.6668089 0.6975216 0.7229395 0.6006444 0.5477828 0.6006444 0.6211250 0.7817369 0.0000000 
